1 15732992_15733248_15732736              1.85   0.14   3.13   0.21   8.86   0.03  11.01   0.05  13.79   0.24  17.53   0.25   46.10   2.90  104.00   6.20   -99.0  -99.0 -99.00 -99.00   2.22   0.19   6.54   0.48  17.320   2.220  21.857   2.975  13.942   2.920 2.69 12.69  39   9  38
 2 15732224_15733504_15732480              4.86   0.10  12.20   0.16  25.24   0.03  19.65   0.05  12.60   0.24  13.64   0.26  163.10   2.80  115.00   6.90   -99.0  -99.0 -99.00 -99.00   2.59   0.18   7.06   0.52   6.500   2.000   5.100   2.000   2.500   2.000 1.10 11.61  17   7  31
 3 13010688                              -99.00 -99.00 -99.00 -99.00 498.51   0.04 550.82   0.06 641.60   0.29 814.47   0.31 2417.40  53.30 3560.00  36.00  2690.0  500.9   4.35   0.38   4.01   0.23   5.24   0.48   3.615   2.280   4.543   2.850   0.982   6.480 0.55 11.39 100   2 100
 4 13010944                              -99.00 -99.00 -99.00 -99.00 115.76   0.14 187.83   0.20 288.46   1.08 475.90   1.03  -99.00 -99.00  -99.00 -99.00   -99.0  -99.0  -0.00  -0.00  14.21   1.26  24.37   2.53  12.280   2.400   7.930   2.420 -99.000 -99.000 1.30 12.40 100   2 100
 5 13010432                              -99.00 -99.00 -99.00 -99.00 165.70   0.14 147.81   0.21 181.75   1.06 278.58   1.11  -99.00 -99.00  -99.00 -99.00   -99.0  -99.0  -0.00  -0.00  93.08   1.40 112.09   3.18  73.240   2.330  49.370   2.300  13.070   2.580 0.70 12.36  68   3  69
 6 13011200                              -99.00 -99.00 -99.00 -99.00 145.16   0.14 231.35   0.20 337.45   1.09 540.45   1.03  -99.00 -99.00 2270.00  23.00  3990.0  889.7   3.97   0.38   5.45   0.49 -99.00 -99.00  11.730   2.240   4.700   2.000   2.200   2.000 0.55 11.33 100   2 100
 7 13011712                               64.09   0.20  80.86   0.37 210.50   0.05 269.45   0.06 359.88   0.34 480.89   0.34 1427.60  27.00 2250.00  22.80  5220.0  654.8   7.25   0.41  10.79   0.88  18.42   1.13  25.582   3.060  16.143   4.250   7.695   3.020 1.03 12.09  89   2  89
 8 13011456                              -99.00 -99.00 -99.00 -99.00 278.85   0.14 372.46   0.19 439.73   1.03 540.04   1.03  -99.00 -99.00 1830.00  18.50  4850.0  738.1  -0.00  -0.00  17.43   1.16  36.55   2.16  40.770   2.260  32.770   2.370  14.500   2.000 1.58 12.70  89   2  89
 9 10482432                                0.69   0.09   3.71   0.17   8.37   0.04   9.12   0.06   8.78   0.30  12.32   0.32   61.70   6.20   84.60   4.70   -99.0  -99.0   1.49   0.33   1.08   0.19 -99.00 -99.00   2.511   2.620 -99.000 -99.000 -99.000 -99.000 3.71 12.44  80   1  80
10 17635328                              -99.00 -99.00 -99.00 -99.00  64.45   0.12 102.93   0.17 145.10   0.87 243.15   0.92  -99.00 -99.00 1240.00  12.10  2940.0  819.6  -0.00  -0.00 -99.00 -99.00  10.62   2.62  16.800   2.270  13.190   2.310  11.480   2.470 1.15 11.99  98   7  98
11 17635840                              -99.00 -99.00 -99.00 -99.00  27.69   0.12  37.98   0.20  54.26   0.90  94.00   1.03  -99.00 -99.00  864.00   7.90  2910.0  811.2  -0.00  -0.00   5.82   1.03 -99.00 -99.00  10.470   2.290  10.360   2.350 -99.000 -99.000 0.68 11.35 100   1 100
12 17635584                                6.33   0.14  19.09   0.19  60.19   0.04  91.49   0.06 134.03   0.30 230.57   0.32  696.70   9.30 1070.00  10.40  3700.0  689.2   3.59   0.35   4.76   0.27   5.65   0.85   7.354   3.060   5.473   2.600   2.500   2.000 1.60 12.37  98   3  98
13 17636096                              -99.00 -99.00 -99.00 -99.00  41.00   0.13  50.61   0.18  57.40   0.96 106.69   0.94  -99.00 -99.00  752.00   8.10   -99.0  -99.0  -0.00  -0.00   5.71   1.43 -99.00 -99.00  10.280   2.350  15.000   2.320   9.610   2.520 1.62 12.42  76   8  79
14 19738368_19738624                       1.18   0.18   4.26   0.34  12.09   0.05  13.97   0.07  13.55   0.33   9.47   0.35  -99.00 -99.00  183.00   6.50   -99.0  -99.0   0.70   0.22   2.99   0.34   6.46   0.66   9.940   4.500  11.565   4.950   7.000   2.000 1.87 12.20  50   5  89
15 19736576_19736832                       3.24   0.12   8.28   0.25  14.89   0.04  16.18   0.05  16.75   0.26  11.24   0.28  -99.00 -99.00  192.00   6.80   -99.0  -99.0 -99.00 -99.00   1.64   0.12   3.49   0.51   8.631   2.240   6.574   2.318   0.782   2.960 2.11 12.17  39   3  39
16 19737088_19737344                     -99.00 -99.00 -99.00 -99.00  33.98   0.11  23.77   0.17  23.92   0.85  17.19   0.88  -99.00 -99.00  285.00   6.20  3620.0  807.2  -0.00  -0.00   6.50   1.09   9.91   2.68   7.500   2.000   9.400   2.000   6.700   2.000 0.83 11.54   0   0   0
17 19737600_19737856                     -99.00 -99.00 -99.00 -99.00  29.46   0.23  21.85   0.29  15.56   1.64  15.84   1.54  -99.00 -99.00  -99.00 -99.00   -99.0  -99.0  -0.00  -0.00 -99.00 -99.00 -99.00 -99.00   7.470   2.290   7.350   2.320 -99.000 -99.000 1.01 11.64   0   0   0
18 19738112                              -99.00 -99.00 -99.00 -99.00  50.90   0.31  39.22   0.34  24.91   2.24  29.55   1.79  -99.00 -99.00  -99.00 -99.00   -99.0  -99.0  -0.00  -0.00 -99.00 -99.00 -99.00 -99.00   6.500   2.000   5.350   2.000   2.100   2.000 1.04 11.57   0   0   0
19 19719936_19720192                       2.67   0.14   7.47   0.20  23.42   0.05  26.34   0.06  22.99   0.31  13.69   0.32  -99.00 -99.00  167.00   5.90   -99.0  -99.0 -99.00 -99.00   0.90   0.20   2.21   0.45   4.051   2.620   4.234   2.473   3.000   2.000 1.83 11.74   0   0   0
20 19720448                                2.30   0.10   5.77   0.23  16.91   0.05  19.89   0.07  21.59   0.32  13.42   0.35  -99.00 -99.00  275.00   6.00  3170.0  590.5   3.04   0.33   9.64   0.33  21.91   0.39  24.780   2.300  23.819   3.075  12.493   5.080 1.91 12.60  25   5  57
21 19720704_19720960                      15.97   0.14  25.73   0.23  42.25   0.03  29.69   0.05  20.49   0.23  19.18   0.24  251.30   2.80  247.00   8.80   -99.0  -99.0   1.30   0.33   3.14   0.17   5.65   0.51   6.699   3.120   4.337   3.000 -99.000 -99.000 0.99 11.46   0   0   0
22 19721216                                2.53   0.13   5.80   0.18  15.97   0.04  16.22   0.06  17.95   0.32  24.59   0.31  134.80   7.30  338.00   5.80  4020.0  541.7   4.82   0.28   6.85   0.16   9.26   0.45   6.550   2.000   5.400   2.000   2.150   2.000 1.90 12.37  84   4  87
23 19721472_19721984                       1.85   0.12   6.37   0.20  18.91   0.04  22.60   0.05  21.69   0.25  13.78   0.28  -99.00 -99.00  144.00   4.90   -99.0  -99.0 -99.00 -99.00   2.19   0.50   7.48   1.23  17.110   2.230  19.929   3.325  13.040   6.620 1.96 12.35   0   0   0
24 19721728_19722240                     -99.00 -99.00 -99.00 -99.00  17.38   0.12  19.02   0.18  15.83   0.94  17.54   0.95  -99.00 -99.00  287.00   6.20  3020.0  841.9  -0.00  -0.00  11.07   1.16  19.17   3.20  15.590   2.250  16.690   2.290  10.720   2.600 0.96 11.87 100   3 100
25 19722496_19722752                       7.88   0.13  19.99   0.22  44.97   0.03  36.80   0.05  24.65   0.23  24.12   0.24  279.80  17.20  221.00   7.90  2150.0  520.3   3.02   0.28   5.41   0.18  10.76   0.54  14.022   2.460  10.670   2.625   3.993   6.200 1.04 11.83   0   0   0
26 19723008_19723264                      22.37   0.22  44.71   0.31  66.95   0.04  47.07   0.06  33.04   0.31  24.72   0.31  285.50  10.70  288.00   6.20   -99.0  -99.0 -99.00 -99.00   2.54   0.14   6.72   0.46  10.844   2.940  10.051   2.800 -99.000 -99.000 0.97 11.52   0   0   0
27 19723520                                6.04   0.21  10.17   0.31  22.62   0.04  24.58   0.06  20.28   0.32  17.40   0.34   61.70   7.10  278.00   8.70  3470.0  646.4 -99.00 -99.00   0.80   0.20   5.34   1.25  10.600   2.000   7.900   2.000   3.900   2.000 1.75 12.10  38   2  45
28 19723776_19724032                     -99.00 -99.00 -99.00 -99.00  59.47   0.13  42.52   0.17  28.52   0.97  21.14   0.93  -99.00 -99.00  232.00   8.30   -99.0  -99.0  -0.00  -0.00 -99.00 -99.00 -99.00 -99.00   8.800   2.000   7.150   2.000   3.400   2.000 0.96 11.61   0   0   0
29 19724288_19724544                     -99.00 -99.00 -99.00 -99.00   6.51   0.04   8.88   0.06  10.27   0.31   6.73   0.31   72.10   8.30  147.00   5.00   -99.0  -99.0 -99.00 -99.00   1.62   0.18   3.48   0.63   5.671   2.840   6.230   2.725   6.343   3.000 2.08 12.12  31   1  44
30 19724800_19725056                       3.95   0.21  11.37   0.35  30.16   0.04  33.60   0.06  25.43   0.32  18.45   0.34   73.30   7.80  139.00   4.70   -99.0  -99.0 -99.00 -99.00   1.07   0.15   3.52   0.52   8.538   3.120   5.163   2.725   6.504   3.460 1.62 11.85   0   0   0
31 19725312                               11.87   0.19  27.31   0.26  54.52   0.05  43.94   0.06  29.92   0.35  31.96   0.34  390.20  14.90  336.00   6.40  2020.0  829.7   2.87   0.34   6.18   0.33  13.65   0.68  10.283   2.660   6.505   2.675 -99.000 -99.000 1.07 11.78   0   0   0
32 19725568_19725824                     -99.00 -99.00 -99.00 -99.00  61.63   0.06  38.71   0.09  33.63   0.46  20.13   0.44  -99.00 -99.00  191.00   7.20   -99.0  -99.0 -99.00 -99.00 -99.00 -99.00   3.40   1.08   8.849   3.120   9.879   9.300   2.740  12.520 0.78 11.28  47   4  60
33 19726080                                1.88   0.11   6.06   0.29  13.71   0.04  14.93   0.06  15.47   0.31  13.68   0.32  109.30   8.00  220.00   7.80   -99.0  -99.0   1.80   0.26   3.19   0.23   3.16   0.69   3.957   2.800  10.636   2.443   9.402   3.380 2.14 12.29  95   5  95
34 19726336_19726592                       7.72   0.18  17.90   0.36  36.71   0.04  40.07   0.06  35.34   0.31  20.93   0.31   66.20   8.90  180.00   6.40   -99.0  -99.0 -99.00 -99.00 -99.00 -99.00   1.44   0.47   6.014   2.480   5.025   4.375   8.565   2.860 1.93 11.95  46   1  50
35 19726848_19727104                       4.68   0.13  14.96   0.21  36.24   0.03  28.48   0.05  18.87   0.24  18.85   0.25  243.60   3.90  201.00   7.20   -99.0  -99.0   1.95   0.27   4.85   0.23  12.00   0.43  15.424   3.320  12.116   3.075  10.754   2.860 1.04 11.79   0   0   0
36 19727360_19727872                       4.45   0.15   9.34   0.26  25.32   0.04  20.27   0.06  16.88   0.32  15.32   0.34  215.10   8.90  200.00   7.10   -99.0  -99.0   3.21   0.37   6.40   0.21  15.11   0.67  17.730   3.660  12.322   2.925   8.468   3.220 0.97 11.79   0   0   0
37 19727616_19728128                      16.59   0.35  46.14   0.56  88.22   0.05  62.18   0.07  43.93   0.34  39.40   0.36  -99.00 -99.00  259.00   5.60  2780.0  775.0   1.13   0.28   2.56   0.47   4.49   0.57   7.400   2.000   5.679   3.200   3.300   2.000 0.96 11.51  48   2  48
38 19728384                                1.37   0.12   6.99   0.34  18.48   0.04  31.52   0.06  64.24   0.31 136.58   0.32  453.00  14.20  516.00   6.80   -99.0  -99.0 -99.00 -99.00   2.32   0.28   2.75   0.63   7.150   2.290  10.850   2.320   9.466   3.380 2.30 12.33  87   6  87
39 19728640                              -99.00 -99.00 -99.00 -99.00  40.01   0.11  51.52   0.18  46.35   0.87  32.75   0.94  -99.00 -99.00  367.00   6.40   -99.0  -99.0  -0.00  -0.00 -99.00 -99.00 -99.00 -99.00  13.730   2.220  18.950   2.290  12.000   2.000 1.72 12.34  34   3   0
40 19728896                              -99.00 -99.00 -99.00 -99.00  62.67   0.16  43.25   0.25  36.67   1.26  28.83   1.29  -99.00 -99.00  -99.00 -99.00   -99.0  -99.0  -0.00  -0.00   7.81   1.43  13.26   3.38   7.300   2.000   6.400   2.000   3.400   2.000 0.94 11.75   0   0   0
41 19729152_19729664                     -99.00 -99.00 -99.00 -99.00  39.21   0.12  29.00   0.17  28.06   0.88  20.19   0.88  -99.00 -99.00  291.00   8.70  2380.0  977.5  -0.00  -0.00 -99.00 -99.00 -99.00 -99.00  11.290   2.290  13.000   2.000   7.400   2.000 0.86 11.68   0   0   0
42 19729408_19729920                       1.60   0.20   4.49   0.23  11.45   0.03  12.82   0.05  11.56   0.23   8.27   0.24  -99.00 -99.00  144.00   4.90   -99.0  -99.0   1.02   0.30   1.63   0.28   4.40   0.43   4.549   2.400 -99.000 -99.000 -99.000 -99.000 1.88 12.07  67   8  86
43 19730176                              -99.00 -99.00 -99.00 -99.00  75.02   0.11  54.10   0.17  43.88   0.86  31.65   0.90  -99.00 -99.00  446.00   9.30  2370.0  973.4  -0.00  -0.00   7.79   1.50  13.14   2.40  20.240   2.240  15.330   2.300 -99.000 -99.000 0.82 11.62  38   8  38
44 19730432                               12.32   0.18  22.37   0.22  37.86   0.04  26.49   0.06  24.43   0.28  18.48   0.30  291.20  10.90  349.00   6.00  2950.0  549.3   2.27   0.28   5.46   0.33   9.32   0.85  10.470   2.240   6.815   3.225   3.510   2.880 0.90 11.56   0   0   0
45 19730688                                3.45   0.13  12.09   0.22  35.05   0.03  41.15   0.05  31.93   0.24  25.75   0.25  163.50  11.00  308.00   6.70   -99.0  -99.0   2.02   0.45   6.77   0.29  17.46   0.51  33.030   2.400  31.976   2.525  10.980   6.440 1.62 12.48   6   6   6
46 19730944                              -99.00 -99.00 -99.00 -99.00  68.87   0.06  51.17   0.08  42.72   0.47  25.45   0.45  -99.00 -99.00  378.00   6.60   -99.0  -99.0 -99.00 -99.00   4.03   0.42   5.52   1.28  13.050   2.800  15.110   4.700  13.000   2.000 1.85 12.32   0   0   0
47 19731200_19731456                      10.37   0.18  27.00   0.46  51.33   0.05  39.93   0.06  25.91   0.33  22.80   0.33  236.00  12.80  212.00   7.60   -99.0  -99.0   1.32   0.29   3.56   0.32   7.81   0.50  17.045   2.680  13.493   3.000  10.100   3.320 1.04 11.74   0   0   0
48 19731712_19732224                     -99.00 -99.00 -99.00 -99.00  38.25   0.17  27.23   0.22  18.44   1.26  20.15   1.19  -99.00 -99.00  -99.00 -99.00   -99.0  -99.0  -0.00  -0.00   6.60   1.33 -99.00 -99.00   9.040   2.650  10.070   2.790 -99.000 -99.000 0.95 11.72   0   0   0
49 19731968_19732480                      18.56   0.19  32.67   0.32  48.62   0.04  31.56   0.06  27.20   0.32  17.23   0.34  183.50  13.90  184.00   6.50   -99.0  -99.0 -99.00 -99.00   2.52   0.26   6.43   0.55  17.540   2.280  20.067   2.473  21.798   3.120 0.83 11.51   0   0   0
50 19732736                                2.14   0.13   5.14   0.23  14.90   0.03  16.70   0.04  15.89   0.22  10.49   0.23   55.60   6.60  227.00   8.10   -99.0  -99.0 -99.00 -99.00   1.16   0.16   3.86   0.37   5.827   2.840   6.058   2.445   4.025   3.440 1.90 12.01  28   8  28
51 19732992                                7.22   0.17  12.84   0.24  25.15   0.04  27.16   0.06  21.09   0.31  15.60   0.31  -99.00 -99.00  241.00   8.60   -99.0  -99.0 -99.00 -99.00   1.23   0.22   4.06   0.40   0.742   2.720   5.714   3.100   1.697   3.160 1.77 11.96  14   5  14
52 19733248                                1.24   0.14   3.45   0.25   9.93   0.05  13.47   0.06  13.15   0.33  10.70   0.33   60.90   8.10  240.00   8.60   -99.0  -99.0 -99.00 -99.00 -99.00 -99.00   3.21   0.81  10.065   3.260   9.052   4.400   6.858   3.660 1.79 12.11  15   5  12
53 19733504_19733760                       0.64   0.18   3.16   0.32   9.56   0.05  13.19   0.06  17.04   0.33  15.90   0.33  -99.00 -99.00  152.00   5.10   -99.0  -99.0 -99.00 -99.00 -99.00 -99.00   2.46   0.70   9.255   3.520  12.013   4.425   7.148   3.540 2.45 12.37  48   5  41
54 19734016                                4.34   0.16   7.79   0.28  16.75   0.05  17.43   0.06  16.03   0.33  10.97   0.33   72.30  10.40  249.00   8.90   -99.0  -99.0   1.15   0.27   4.44   0.27   7.46   0.63  15.518   3.200  15.730   4.250  15.423   3.720 1.89 12.39  37   3  49
55 19734272                              -99.00 -99.00 -99.00 -99.00 102.04   0.13  74.36   0.19  51.79   0.98  38.63   0.98  -99.00 -99.00  429.00   7.30   -99.0  -99.0  -0.00  -0.00   4.38   1.17   8.87   2.29  12.670   2.270   4.700   2.000   2.380   2.000 0.96 11.69  24   3  24
56 19734528_19734784                       3.30   0.21   7.34   0.31  21.30   0.03  24.14   0.05  20.06   0.25  13.02   0.26   68.30   8.70  166.00   5.90   -99.0  -99.0 -99.00 -99.00   1.49   0.21   3.62   0.43   4.705   2.260   5.542   1.955 -99.000 -99.000 1.72 11.91  12   2  12
57 19735040                                5.56   0.24  12.44   0.38  26.45   0.04  28.35   0.06  22.43   0.30  15.84   0.32   63.40   8.90  234.00   8.30   -99.0  -99.0 -99.00 -99.00   1.19   0.21   3.19   0.47   9.348   2.200   8.226   2.525   6.700   2.000 1.72 11.96  14   4  14
58 19735296                                2.45   0.11   6.64   0.24  18.45   0.04  21.48   0.06  18.92   0.27  12.82   0.31  -99.00 -99.00  243.00   8.70   -99.0  -99.0 -99.00 -99.00   1.21   0.14   3.64   0.52   8.849   2.280  11.152   2.142   5.731   2.880 1.85 12.06   7   6   7
59 19735552_19735808                     -99.00 -99.00 -99.00 -99.00  37.49   0.16  27.24   0.24  23.28   1.26  19.69   1.25  -99.00 -99.00  251.00   8.90  2570.0  716.5  -0.00  -0.00 -99.00 -99.00 -99.00 -99.00   8.200   2.370 -99.000 -99.000 -99.000 -99.000 0.94 11.63   0   0   0
60 19736064                                5.04   0.14  10.58   0.23  23.91   0.03  25.17   0.05  24.72   0.23  16.28   0.24   81.50   3.50  379.00   6.60   -99.0  -99.0   1.61   0.30   4.85   0.22  10.54   0.36  12.869   2.540  12.391   3.025   5.538   3.120 2.02 12.46  23   3  31
61 19736320_bonus_30431_14                 1.89   0.09   5.25   0.19  16.21   0.04  18.73   0.05  17.05   0.25  13.37   0.27   59.60   5.00  245.00   8.70   -99.0  -99.0   1.32   0.30   3.36   0.18   5.27   0.54   5.765   2.200   3.435   2.575   4.958   2.800 1.77 12.13  15   5  15
62 26148352                               18.00   0.16  51.14   0.27  95.65   0.03  65.30   0.05  60.16   0.24  48.13   0.25  390.20  20.40  461.00   7.80  3310.0  616.5   3.89   0.40  11.33   0.27  29.69   0.52  43.001   2.520  37.174   2.328  15.101   5.640 0.73 11.76   0   0   0
63 26148608_bonus_30431_7                 41.29   0.20  83.30   0.28 108.83   0.04  70.40   0.06  62.79   0.31  48.15   0.31  394.00   9.40  549.00   7.50  1640.0  748.8   3.76   0.34   8.00   0.14  17.15   0.48  14.863   2.620  16.556   2.750   8.114   3.220 0.74 11.64  10   1   9
64 27039744_27040000                       0.62   0.09   2.42   0.16   9.56   0.03  12.27   0.05  10.47   0.23   8.54   0.24  -99.00 -99.00   78.50   5.20   -99.0  -99.0 -99.00 -99.00   1.96   0.23   6.03   0.50   7.198   2.280   8.192   2.145   6.200   2.000 1.62 11.88   9   9   6
65 bonus_30431_1                         -99.00 -99.00 -99.00 -99.00  35.86   0.16  37.17   0.22  25.19   1.19  18.20   1.13  -99.00 -99.00  111.00   6.70   -99.0  -99.0  -0.00  -0.00 -99.00 -99.00 -99.00 -99.00  12.370   2.390  10.870   2.440   4.600   2.000 1.46 12.10   0   0   0
66 bonus_30431_2                         -99.00 -99.00 -99.00 -99.00  21.69   0.13  25.10   0.19  19.77   0.99  15.36   0.97  -99.00 -99.00  134.00   4.50   -99.0  -99.0  -0.00  -0.00 -99.00 -99.00 -99.00 -99.00   7.460   2.270  10.300   2.260   4.000   2.000 1.60 11.99   0   0   0
67 bonus_30431_3                         -99.00 -99.00 -99.00 -99.00 292.98   0.05 261.01   0.06 170.06   0.32 384.14   0.33 1060.20  22.70 1050.00  10.20 13900.0  683.6  13.56   0.48  29.58   0.41  46.20   0.45  29.976   2.040  14.869   2.700   8.017   6.620 0.31 11.20   0   0   0
68 bonus_30431_4                          80.59   0.29 144.00   0.51 137.53   0.05 102.80   0.06  98.39   0.33  88.43   0.33  474.00  10.50  706.00   7.60 10300.0  689.4  10.79   0.23  18.05   0.44  21.12   0.64  13.897   3.320   7.607   4.375   3.100   2.000 0.60 11.51   0   0   0
69 bonus_30431_9                          33.00   0.19  51.44   0.21  40.18   0.03  38.51   0.05  24.32   0.25  69.72   0.26  253.20   7.70  207.00   7.40  2910.0  541.9   3.57   0.37   5.50   0.18   6.57   0.65   5.765   2.400   3.752   2.650 -99.000 -99.000 0.36 10.47   0   0   0
70 bonus_30431_10                         16.47   0.14  37.75   0.24  72.18   0.04  59.81   0.06  41.18   0.28  49.49   0.31  426.40  19.80  599.00   7.90  2700.0  502.8   4.58   0.24   8.04   0.19  12.72   0.42  17.045   2.480  12.942   2.950   5.602   5.180 1.10 11.99  23   6  23
71 bonus_30431_11                         28.11   0.15  67.17   0.28  88.19   0.04  59.74   0.06  55.75   0.27  42.47   0.31  348.30  12.30  370.00   6.40  3290.0  612.8   4.30   0.42   7.39   0.16  15.32   0.41  16.141   2.500  10.429   2.925   5.763   2.660 0.67 11.53   0   0   0
72 bonus_30431_12                         18.59   0.12  30.78   0.19  35.57   0.03  35.91   0.05  29.70   0.23  65.36   0.24  373.10   4.10  782.00   8.40  6330.0  573.6   7.96   0.33  10.68   0.21   9.18   0.46   6.139   3.640   3.614   3.050   0.700   2.000 0.46 11.05   7   7   6
73 bonus_30431_13                         27.74   0.18  53.95   0.29  60.11   0.03  37.19   0.05  31.56   0.23  22.05   0.24  132.70   2.40  162.00   5.70   -99.0  -99.0   1.23   0.29   4.33   0.18  10.02   0.60  14.739   2.760  10.980   3.075   4.186   2.780 0.67 11.26   0   0   0
74 bonus_30431_15                          1.11   0.12   4.07   0.25  15.12   0.04  18.35   0.05  18.77   0.25  12.91   0.28   65.10   5.40  268.00   5.80   -99.0  -99.0   1.10   0.29   1.55   0.15   3.84   0.50   9.410   2.120  10.705   2.395   4.000   2.000 2.00 12.12   0   0   0
75 bonus_30431_16                        -99.00 -99.00 -99.00 -99.00  74.59   0.06  48.74   0.08  40.15   0.42  39.20   0.42  -99.00 -99.00  471.00   8.00 14900.0  787.9  16.10   0.38  29.24   0.51  31.75   0.73  23.557   4.660  12.150   5.200   7.663   8.440 0.74 11.86   0   0   0
76 bonus_30431_17                        -99.00 -99.00 -99.00 -99.00  17.63   0.07  19.93   0.11  19.28   0.51  13.27   0.54  -99.00 -99.00  226.00   8.10   -99.0  -99.0 -99.00 -99.00 -99.00 -99.00 -99.00 -99.00  12.300   2.000  25.700   2.000  23.200   2.000 1.96 12.58  25   5  42
77 bonus_30431_18                         22.27   0.20  53.47   0.34  65.86   0.04  44.96   0.06  37.97   0.32  27.80   0.34  123.50   6.90  119.00   7.20   -99.0  -99.0 -99.00 -99.00   2.47   0.34   5.06   0.70   5.889   1.930   6.860   2.000   2.505   2.880 0.56 10.83  15   5  18
78 bonus_30431_19                        -99.00 -99.00 -99.00 -99.00  73.42   0.12  56.97   0.18  38.96   0.92  36.30   0.94  -99.00 -99.00  358.00   6.20   -99.0  -99.0  -0.00  -0.00   6.39   1.32   7.21   2.39  13.600   2.190  10.960   2.340   2.000   2.000 2.00 12.45  19   9  19
79 bonus_30431_20                        -99.00 -99.00 -99.00 -99.00  27.12   0.11  22.56   0.16  17.87   0.84  22.75   0.86  -99.00 -99.00  118.00   7.10  2030.0  833.8  -0.00  -0.00   3.79   1.17 -99.00 -99.00   3.000   2.000   5.500   2.000 -99.000 -99.000 0.53 10.85   9   2   9
80 bonus_252_1                           -99.00 -99.00 -99.00 -99.00  43.99   0.03  32.63   0.05  25.03   0.25  21.98   0.27  142.60   2.60  267.00   5.80  2110.0  510.6   2.66   0.37   3.29   0.23  12.27   0.57  17.138   3.220  11.944   2.432   8.307   2.460 1.05 11.91  28   5  23
81 bonus_252_2                            11.60   0.11  22.06   0.18  39.09   0.03  25.45   0.05  21.50   0.24  14.49   0.26   39.20   3.80  183.00  12.40   -99.0  -99.0  -0.00  -0.00   4.48   0.60   8.27   2.60  23.339   2.940  19.516   2.297  10.980   2.580 2.55 12.75  38   8  52
